Theta               	Rp                  
43,000000000000000  	0,726808816481104   
43,004008016032067  	0,724549347882325   
43,008016032064127  	0,722255129750073   
43,012024048096194  	0,719925696231695   
43,016032064128254  	0,717560578833531   
43,020040080160321  	0,715159306611786   
43,024048096192388  	0,712721406375939   
43,028056112224448  	0,710246402905301   
43,032064128256515  	0,707733819179124   
43,036072144288575  	0,705183176620849   
43,040080160320642  	0,702593995357038   
43,044088176352709  	0,699965794491497   
43,048096192384769  	0,697298092395159   
43,052104208416836  	0,694590407012242   
43,056112224448896  	0,691842256183395   
43,060120240480963  	0,689053157986197   
43,064128256513023  	0,686222631093783   
43,068136272545090  	0,683350195152087   
43,072144288577157  	0,680435371176279   
43,076152304609217  	0,677477681967093   
43,080160320641284  	0,674476652547502   
43,084168336673343  	0,671431810620527   
43,088176352705411  	0,668342687048508   
43,092184368737478  	0,665208816354745   
43,096192384769537  	0,662029737247852   
43,100200400801604  	0,658804993169471   
43,104208416833664  	0,655534132866027   
43,108216432865731  	0,652216710984893   
43,112224448897798  	0,648852288695721   
43,116232464929858  	0,645440434337260   
43,120240480961925  	0,641980724090285   
43,124248496993985  	0,638472742677169   
43,128256513026052  	0,634916084088422   
43,132264529058119  	0,631310352336722   
43,136272545090179  	0,627655162238803   
43,140280561122246  	0,623950140225491   
43,144288577154306  	0,620194925180427   
43,148296593186373  	0,616389169307346   
43,152304609218440  	0,612532539026568   
43,156312625250500  	0,608624715900611   
43,160320641282567  	0,604665397588898   
43,164328657314627  	0,600654298832024   
43,168336673346694  	0,596591152465083   
43,172344689378761  	0,592475710460212   
43,176352705410821  	0,588307744998030   
43,180360721442888  	0,584087049567727   
43,184368737474948  	0,579813440095469   
43,188376753507015  	0,575486756100438   
43,192384769539075  	0,571106861878183   
43,196392785571142  	0,566673647710259   
43,200400801603209  	0,562187031099640   
43,204408817635269  	0,557646958030680   
43,208416833667336  	0,553053404252608   
43,212424849699396  	0,548406376585390   
43,216432865731463  	0,543705914246402   
43,220440881763530  	0,538952090196606   
43,224448897795590  	0,534145012504156   
43,228456913827657  	0,529284825723866   
43,232464929859717  	0,524371712290531   
43,236472945891784  	0,519405893923350   
43,240480961923851  	0,514387633039690   
43,244488977955911  	0,509317234175138   
43,248496993987978  	0,504195045407116   
43,252505010020037  	0,499021459779147   
43,256513026052105  	0,493796916722384   
43,260521042084172  	0,488521903471208   
43,264529058116231  	0,483196956469040   
43,268537074148298  	0,477822662760435   
43,272545090180358  	0,472399661365952   
43,276553106212425  	0,466928644634734   
43,280561122244492  	0,461410359571060   
43,284569138276552  	0,455845609129699   
43,288577154308619  	0,450235253475367   
43,292585170340679  	0,444580211201395   
43,296593186372746  	0,438881460501881   
43,300601202404806  	0,433140040292571   
43,304609218436873  	0,427357051274166   
43,308617234468940  	0,421533656932900   
43,312625250501000  	0,415671084472163   
43,316633266533067  	0,409770625669219   
43,320641282565127  	0,403833637651138   
43,324649298597194  	0,397861543583329   
43,328657314629261  	0,391855833265020   
43,332665330661321  	0,385818063624674   
43,336673346693388  	0,379749859109749   
43,340681362725448  	0,373652911964109   
43,344689378757515  	0,367528982386931   
43,348697394789582  	0,361379898567022   
43,352705410821642  	0,355207556586592   
43,356713426853709  	0,349013920188279   
43,360721442885769  	0,342801020400233   
43,364729458917836  	0,336570955013209   
43,368737474949903  	0,330325887905050   
43,372745490981963  	0,324068048207081   
43,376753507014030  	0,317799729308330   
43,380761523046090  	0,311523287693143   
43,384769539078157  	0,305241141608451   
43,388777555110224  	0,298955769557547   
43,392785571142284  	0,292669708617560   
43,396793587174351  	0,286385552578306   
43,400801603206411  	0,280105949901053   
43,404809619238478  	0,273833601496146   
43,408817635270545  	0,267571258319224   
43,412825651302605  	0,261321718786294   
43,416833667334672  	0,255087826008836   
43,420841683366731  	0,248872464851123   
43,424849699398799  	0,242678558811704   
43,428857715430858  	0,236509066733355   
43,432865731462925  	0,230366979345258   
43,436873747494992  	0,224255315642670   
43,440881763527052  	0,218177119110272   
43,444889779559119  	0,212135453795670   
43,448897795591179  	0,206133400241099   
43,452905811623246  	0,200174051281610   
43,456913827655313  	0,194260507719254   
43,460921843687373  	0,188395873883120   
43,464929859719440  	0,182583253086543   
43,468937875751500  	0,176825742992882   
43,472945891783567  	0,171126430902265   
43,476953907815634  	0,165488388972363   
43,480961923847694  	0,159914669386902   
43,484969939879761  	0,154408299485794   
43,488977955911821  	0,148972276872138   
43,492985971943888  	0,143609564510370   
43,496993987975955  	0,138323085831830   
43,501002004008015  	0,133115719862862   
43,505010020040082  	0,127990296391513   
43,509018036072142  	0,122949591189070   
43,513026052104209  	0,117996321302022   
43,517034068136276  	0,113133140430934   
43,521042084168336  	0,108362634411522   
43,525050100200403  	0,103687316813837   
43,529058116232463  	0,099109624674746   
43,533066132264530  	0,094631914378421   
43,537074148296590  	0,090256457699198   
43,541082164328657  	0,085985438020466   
43,545090180360724  	0,081820946742822   
43,549098196392784  	0,077764979893547   
43,553106212424851  	0,073819434948972   
43,557114228456911  	0,069986107880432   
43,561122244488978  	0,066266690433300   
43,565130260521045  	0,062662767647928   
43,569138276553105  	0,059175815629830   
43,573146292585172  	0,055807199575939   
43,577154308617232  	0,052558172062184   
43,581162324649299  	0,049429871596541   
43,585170340681366  	0,046423321440905   
43,589178356713425  	0,043539428703516   
43,593186372745493  	0,040778983702737   
43,597194388777552  	0,038142659601883   
43,601202404809619  	0,035631012313428   
43,605210420841686  	0,033244480670036   
43,609218436873746  	0,030983386858587   
43,613226452905813  	0,028847937112404   
43,617234468937873  	0,026838222655901   
43,621242484969940  	0,024954220894787   
43,625250501002007  	0,023195796844292   
43,629258517034067  	0,021562704786646   
43,633266533066134  	0,020054590148740   
43,637274549098194  	0,018670991589779   
43,641282565130261  	0,017411343288304   
43,645290581162328  	0,016274977417377   
43,649298597194388  	0,015261126796101   
43,653306613226455  	0,014368927705409   
43,657314629258515  	0,013597422855574   
43,661322645290582  	0,012945564492631   
43,665330661322642  	0,012412217630841   
43,669338677354709  	0,011996163398012   
43,673346693386776  	0,011696102480602   
43,677354709418836  	0,011510658655452   
43,681362725450903  	0,011438382395152   
43,685370741482963  	0,011477754534131   
43,689378757515030  	0,011627189982810   
43,693386773547097  	0,011885041477412   
43,697394789579157  	0,012249603353323   
43,701402805611224  	0,012719115330288   
43,705410821643284  	0,013291766298096   
43,709418837675351  	0,013965698091902   
43,713426853707418  	0,014739009246722   
43,717434869739478  	0,015609758721264   
43,721442885771545  	0,016575969581684   
43,725450901803605  	0,017635632636447   
43,729458917835672  	0,018786710014041   
43,733466933867739  	0,020027138675861   
43,737474949899799  	0,021354833857192   
43,741482965931866  	0,022767692429721   
43,745490981963926  	0,024263596179743   
43,749498997995993  	0,025840414996633   
43,753507014028060  	0,027496009966901   
43,757515030060119  	0,029228236369578   
43,761523046092187  	0,031034946569399   
43,765531062124246  	0,032913992804494   
43,769539078156313  	0,034863229866295   
43,773547094188373  	0,036880517669299   
43,777555110220440  	0,038963723709368   
43,781563126252507  	0,041110725409252   
43,785571142284567  	0,043319412350809   
43,789579158316634  	0,045587688393599   
43,793587174348694  	0,047913473679943   
43,797595190380761  	0,050294706527112   
43,801603206412828  	0,052729345207311   
43,805611222444888  	0,055215369616777   
43,809619238476955  	0,057750782835373   
43,813627254509015  	0,060333612578427   
43,817635270541082  	0,062961912542866   
43,821643286573149  	0,065633763649696   
43,825651302605209  	0,068347275185389   
43,829659318637276  	0,071100585844656   
43,833667334669336  	0,073891864677353   
43,837675350701403  	0,076719311942356   
43,841683366733470  	0,079581159871429   
43,845691382765530  	0,082475673346102   
43,849699398797597  	0,085401150490732   
43,853707414829657  	0,088355923184887   
43,857715430861724  	0,091338357498345   
43,861723446893791  	0,094346854051961   
43,865731462925851  	0,097379848307669   
43,869739478957918  	0,100435810790877   
43,873747494989978  	0,103513247248527   
43,877755511022045  	0,106610698746139   
43,881763527054112  	0,109726741706882   
43,885771543086172  	0,112859987896004   
43,889779559118239  	0,116009084353588   
43,893787575150299  	0,119172713278824   
43,897795591182366  	0,122349591868699   
43,901803607214426  	0,125538472113990   
43,905811623246493  	0,128738140555555   
43,909819639278560  	0,131947418003527   
43,913827655310620  	0,135165159222118   
43,917835671342687  	0,138390252582806   
43,921843687374746  	0,141621619688073   
43,925851703406813  	0,144858214968490   
43,929859719438881  	0,148099025255182   
43,933867735470940  	0,151343069330036   
43,937875751503007  	0,154589397455826   
43,941883767535067  	0,157837090888168   
43,945891783567134  	0,161085261371423   
43,949899799599201  	0,164333050620274   
43,953907815631261  	0,167579629788826   
43,957915831663328  	0,170824198928998   
43,961923847695388  	0,174065986439537   
43,965931863727455  	0,177304248507469   
43,969939879759522  	0,180538268543264   
43,973947895791582  	0,183767356611085   
43,977955911823649  	0,186990848855364   
43,981963927855709  	0,190208106924950   
43,985971943887776  	0,193418517395978   
43,989979959919843  	0,196621491194301   
43,993987975951903  	0,199816463018755   
43,997995991983970  	0,203002890765925   
44,002004008016030  	0,206180254957386   
44,006012024048097  	0,209348058170151   
44,010020040080157  	0,212505824471014   
44,014028056112224  	0,215653098855521   
44,018036072144291  	0,218789446692184   
44,022044088176351  	0,221914453172353   
44,026052104208418  	0,225027722766517   
44,030060120240478  	0,228128878687106   
44,034068136272545  	0,231217562358751   
44,038076152304612  	0,234293432895708   
44,042084168336672  	0,237356166587447   
44,046092184368739  	0,240405456392176   
44,050100200400799  	0,243441011438876   
44,054108216432866  	0,246462556537981   
44,058116232464933  	0,249469831700752   
44,062124248496993  	0,252462591667803   
44,066132264529060  	0,255440605446652   
44,070140280561120  	0,258403655858549   
44,074148296593187  	0,261351539094602   
44,078156312625254  	0,264284064281230   
44,082164328657314  	0,267201053055180   
44,086172344689381  	0,270102339147884   
44,090180360721440  	0,272987767979212   
44,094188376753507  	0,275857196260810   
44,098196392785575  	0,278710491608681   
44,102204408817634  	0,281547532165261   
44,106212424849701  	0,284368206230656   
44,110220440881761  	0,287172411903225   
44,114228456913828  	0,289960056729262   
44,118236472945888  	0,292731057361715   
44,122244488977955  	0,295485339227920   
44,126252505010022  	0,298222836206119   
44,130260521042082  	0,300943490310764   
44,134268537074149  	0,303647251386407   
44,138276553106209  	0,306334076810082   
44,142284569138276  	0,309003931202028   
44,146292585170343  	0,311656786144655   
44,150300601202403  	0,314292619909509   
44,154308617234470  	0,316911417192281   
44,158316633266530  	0,319513168855448   
44,162324649298597  	0,322097871678677   
44,166332665330664  	0,324665528116648   
44,170340681362724  	0,327216146064131   
44,174348697394791  	0,329749738628399   
44,178356713426851  	0,332266323908489   
44,182364729458918  	0,334765924781412   
44,186372745490985  	0,337248568695035   
44,190380761523045  	0,339714287467529   
44,194388777555112  	0,342163117093223   
44,198396793587172  	0,344595097554608   
44,202404809619239  	0,347010272640605   
44,206412825651306  	0,349408689770561   
44,210420841683366  	0,351790399824227   
44,214428857715433  	0,354155456977213   
44,218436873747493  	0,356503918542038   
44,222444889779560  	0,358835844814505   
44,226452905811627  	0,361151298925268   
44,230460921843687  	0,363450346696435   
44,234468937875754  	0,365733056503189   
44,238476953907814  	0,367999499140080   
44,242484969939881  	0,370249747692095   
44,246492985971941  	0,372483877410117   
44,250501002004008  	0,374701965590940   
44,254509018036075  	0,376904091461378   
44,258517034068134  	0,379090336066675   
44,262525050100201  	0,381260782162835   
44,266533066132261  	0,383415514112899   
44,270541082164328  	0,385554617787010   
44,274549098196395  	0,387678180466147   
44,278557114228455  	0,389786290749390   
44,282565130260522  	0,391879038464719   
44,286573146292582  	0,393956514583059   
44,290581162324649  	0,396018811135679   
44,294589178356716  	0,398066021134589   
44,298597194388776  	0,400098238496173   
44,302605210420843  	0,402115557967601   
44,306613226452903  	0,404118075056162   
44,310621242484970  	0,406105885961386   
44,314629258517037  	0,408079087509798   
44,318637274549097  	0,410037777092266   
44,322645290581164  	0,411982052603906   
44,326653306613224  	0,413912012386302   
44,330661322645291  	0,415827755172183   
44,334669338677358  	0,417729380032288   
44,338677354709418  	0,419616986324457   
44,342685370741485  	0,421490673644822   
44,346693386773545  	0,423350541781052   
44,350701402805612  	0,425196690667563   
44,354709418837672  	0,427029220342653   
44,358717434869739  	0,428848230907469   
44,362725450901806  	0,430653822486760   
44,366733466933866  	0,432446095191336   
44,370741482965933  	0,434225149082228   
44,374749498997993  	0,435991084136385   
44,378757515030060  	0,437744000213979   
44,382765531062127  	0,439483997027177   
44,386773547094187  	0,441211174110314   
44,390781563126254  	0,442925630791560   
44,394789579158314  	0,444627466165799   
44,398797595190381  	0,446316779068899   
44,402805611222448  	0,447993668053161   
44,406813627254508  	0,449658231363999   
44,410821643286575  	0,451310566917814   
44,414829659318635  	0,452950772280874   
44,418837675350702  	0,454578944649396   
44,422845691382769  	0,456195180830563   
44,426853707414828  	0,457799577224592   
44,430861723446895  	0,459392229807769   
44,434869739478955  	0,460973234116335   
44,438877755511022  	0,462542685231364   
44,442885771543089  	0,464100677764422   
44,446893787575149  	0,465647305844059   
44,450901803607216  	0,467182663103128   
44,454909819639276  	0,468706842666858   
44,458917835671343  	0,470219937141611   
44,462925851703410  	0,471722038604412   
44,466933867735470  	0,473213238593105   
44,470941883767537  	0,474693628097203   
44,474949899799597  	0,476163297549317   
44,478957915831664  	0,477622336817243   
44,482965931863724  	0,479070835196545   
44,486973947895791  	0,480508881403808   
44,490981963927858  	0,481936563570297   
44,494989979959918  	0,483353969236224   
44,498997995991985  	0,484761185345462   
44,503006012024045  	0,486158298240731   
44,507014028056112  	0,487545393659252   
44,511022044088179  	0,488922556728807   
44,515030060120239  	0,490289871964238   
44,519038076152306  	0,491647423264349   
44,523046092184366  	0,492995293909159   
44,527054108216433  	0,494333566557531   
44,531062124248500  	0,495662323245172   
44,535070140280560  	0,496981645382945   
44,539078156312627  	0,498291613755506   
44,543086172344687  	0,499592308520234   
44,547094188376754  	0,500883809206495   
44,551102204408821  	0,502166194715135   
44,555110220440881  	0,503439543318257   
44,559118236472948  	0,504703932659289   
44,563126252505008  	0,505959439753239   
44,567134268537075  	0,507206140987207   
44,571142284569142  	0,508444112121141   
44,575150300601202  	0,509673428288760   
44,579158316633269  	0,510894163998720   
44,583166332665329  	0,512106393135937   
44,587174348697396  	0,513310188963125   
44,591182364729455  	0,514505624122465   
44,595190380761522  	0,515692770637497   
44,599198396793589  	0,516871699915103   
44,603206412825649  	0,518042482747706   
44,607214428857716  	0,519205189315538   
44,611222444889776  	0,520359889189115   
44,615230460921843  	0,521506651331774   
44,619238476953910  	0,522645544102376   
44,623246492985970  	0,523776635258091   
44,627254509018037  	0,524899991957328   
44,631262525050097  	0,526015680762707   
44,635270541082164  	0,527123767644182   
44,639278557114231  	0,528224317982236   
44,643286573146291  	0,529317396571129   
44,647294589178358  	0,530403067622289   
44,651302605210418  	0,531481394767700   
44,655310621242485  	0,532552441063428   
44,659318637274552  	0,533616268993165   
44,663326653306612  	0,534672940471858   
44,667334669338679  	0,535722516849385   
44,671342685370739  	0,536765058914269   
44,675350701402806  	0,537800626897486   
44,679358717434873  	0,538829280476248   
44,683366733466933  	0,539851078777887   
44,687374749499000  	0,540866080383756   
44,691382765531060  	0,541874343333146   
44,695390781563127  	0,542875925127258   
44,699398797595194  	0,543870882733190   
44,703406813627254  	0,544859272587952   
44,707414829659321  	0,545841150602516   
44,711422845691381  	0,546816572165848   
44,715430861723448  	0,547785592149007   
44,719438877755508  	0,548748264909211   
44,723446893787575  	0,549704644293960   
44,727454909819642  	0,550654783645128   
44,731462925851702  	0,551598735803076   
44,735470941883769  	0,552536553110804   
44,739478957915829  	0,553468287418042   
44,743486973947896  	0,554393990085407   
44,747494989979963  	0,555313711988519   
44,751503006012023  	0,556227503522125   
44,755511022044090  	0,557135414604236   
44,759519038076149  	0,558037494680231   
44,763527054108216  	0,558933792726991   
44,767535070140283  	0,559824357256980   
44,771543086172343  	0,560709236322354   
44,775551102204410  	0,561588477519063   
44,779559118236470  	0,562462127990889   
44,783567134268537  	0,563330234433555   
44,787575150300604  	0,564192843098728   
44,791583166332664  	0,565049999798087   
44,795591182364731  	0,565901749907333   
44,799599198396791  	0,566748138370180   
44,803607214428858  	0,567589209702364   
44,807615230460925  	0,568425007995581   
44,811623246492985  	0,569255576921458   
44,815631262525052  	0,570080959735470   
44,819639278557112  	0,570901199280859   
44,823647294589179  	0,571716337992498   
44,827655310621239  	0,572526417900785   
44,831663326653306  	0,573331480635468   
44,835671342685373  	0,574131567429470   
44,839679358717433  	0,574926719122678   
44,843687374749500  	0,575716976165740   
44,847695390781560  	0,576502378623785   
44,851703406813627  	0,577282966180165   
44,855711422845694  	0,578058778140148   
44,859719438877754  	0,578829853434592   
44,863727454909821  	0,579596230623607   
44,867735470941881  	0,580357947900152   
44,871743486973948  	0,581115043093650   
44,875751503006015  	0,581867553673556   
44,879759519038075  	0,582615516752898   
44,883767535070142  	0,583358969091786   
44,887775551102202  	0,584097947100910   
44,891783567134269  	0,584832486845002   
44,895791583166336  	0,585562624046266   
44,899799599198396  	0,586288394087785   
44,903807615230463  	0,587009832016902   
44,907815631262523  	0,587726972548572   
44,911823647294590  	0,588439850068684   
44,915831663326657  	0,589148498637359   
44,919839679358717  	0,589852951992211   
44,923847695390784  	0,590553243551595   
44,927855711422843  	0,591249406417818   
44,931863727454910  	0,591941473380312   
44,935871743486977  	0,592629476918813   
44,939879759519037  	0,593313449206454   
44,943887775551104  	0,593993422112901   
44,947895791583164  	0,594669427207402   
44,951903807615231  	0,595341495761834   
44,955911823647291  	0,596009658753732   
44,959919839679358  	0,596673946869261   
44,963927855711425  	0,597334390506186   
44,967935871743485  	0,597991019776802   
44,971943887775552  	0,598643864510842   
44,975951903807612  	0,599292954258356   
44,979959919839679  	0,599938318292559   
44,983967935871746  	0,600579985612653   
44,987975951903806  	0,601217984946628   
44,991983967935873  	0,601852344754036   
44,995991983967933  	0,602483093228718   
45,000000000000000  	0,603110258301539   
